U0 0 0 0 0 0
U1 1 24 835 877 1134
U2 1 12 246 397 3548
U2 1 16 310 461 3473
U2 1 0 401 552 1661
U3 1 16 964 1080 2552
U3 1 16 732 848 2610
U3 1 9 912 1028 2842
U4 1 2 327 423 1584
U5 1 3 440 508 1428
U6 0 0 0 0 0
U7 1 24 1025 1099 1924
U7 1 23 1079 1153 2035
U7 1 24 877 951 1961
U8 0 0 0 0 0
U9 1 23 81 232 4454
U9 1 23 383 534 4379
U9 1 20 96 247 3020
U9 1 18 81 232 3850
U9 1 14 81 232 2038
U9 1 8 81 232 2642
U9 1 26 81 232 2718
U10 1 3 23 174 3246
U10 1 19 116 267 3548
U10 1 27 344 495 3397
U10 1 5 96 247 3246
U10 1 27 42 193 3473
U10 1 1 23 174 1359
U11 1 27 646 797 3322
U11 1 19 610 761 3397
U12 0 0 0 0 0
U12 1 19 1008 1146 2967
U13 0 0 0 0 0
U14 1 27 948 990 903
U15 1 16 4 159 3642
U15 1 28 116 271 4572
U15 1 9 155 310 4030
U15 1 15 93 248 4340
U15 1 29 74 229 3255
U16 1 18 621 695 1850
U17 0 0 0 0 0
U18 1 19 418 514 2208
U18 1 11 869 965 1392
U18 1 11 677 773 1440
U19 1 24 301 397 2736
U19 1 24 109 205 2784
U19 1 21 109 205 1536
U19 1 25 109 205 1680
U20 0 0 0 0 0
U21 0 0 0 0 0
U21 1 1 811 962 1283
U21 1 17 811 962 1963
U21 1 10 811 962 2416
U21 1 4 811 962 3020
U21 1 13 811 962 3095
U21 1 3 811 962 3095
U21 1 5 811 962 3171
U22 1 18 1022 1064 1029
U22 1 20 1022 1064 798
U23 1 25 532 600 1156
U23 1 24 616 684 1870
U24 0 0 0 0 0
U25 1 12 672 765 2139
U25 1 28 1000 1093 2464
U25 1 27 1064 1157 1953
U25 1 2 723 816 1441
U25 1 9 723 816 2325
U25 1 15 871 964 2418
U25 1 28 814 907 2511
U26 0 0 0 0 0
U27 0 0 0 0 0
U28 0 0 0 0 0
U29 1 27 1253 1349 1968
U29 1 19 1188 1284 2016
U29 1 1 962 1058 768
U29 1 17 962 1058 1200
U29 1 10 962 1058 1488
U29 1 4 962 1058 1872
U29 1 13 962 1058 1920
U29 1 3 962 1058 1920
U29 1 5 962 1058 1968
U30 0 0 0 0 0
U31 1 23 1269 1311 1134
U31 1 7 1218 1260 987
U32 0 0 0 0 0
U33 0 0 0 0 0
U34 1 24 1254 1363 2779
U34 1 28 1161 1270 2834
U34 1 7 1067 1176 2616
U34 1 0 849 958 1144
U34 1 6 849 958 1308
U34 1 14 849 958 1417
U34 1 21 849 958 1635
U34 1 22 849 958 1689
U34 1 25 849 958 1798
U34 1 8 849 958 1853
U34 1 26 849 958 1907
U34 1 20 849 958 2125
U34 1 29 849 958 2234
U34 1 7 849 958 2670
U35 0 0 0 0 0
U36 1 5 1234 1308 1480
U37 1 19 912 1008 2112
U37 1 11 1061 1157 1344
U38 1 21 554 663 1689
U38 1 23 861 970 3052
U39 1 24 439 548 3052
U39 1 23 643 752 3106
U40 0 0 0 0 0
U41 0 0 0 0 0
U42 0 0 0 0 0
U43 1 28 602 740 3864
U43 1 15 316 454 3795
U43 1 11 497 635 2139
U43 1 0 221 359 1587
U43 1 11 221 359 2208
U44 0 0 0 0 0
U45 1 15 797 871 1961
U45 1 9 649 723 1887
U45 1 2 649 723 1184
U45 1 15 649 723 1998
U45 1 28 740 814 2035
U46 0 0 0 0 0
U47 0 0 0 0 0
U47 1 14 1275 1384 1362
U47 1 21 1275 1384 1580
U47 1 22 1275 1384 1635
U47 1 25 1275 1384 1744
U47 1 8 1275 1384 1798
U47 1 26 1275 1384 1853
U47 1 20 1275 1384 2016
U47 1 7 1275 1384 2507
U47 1 18 1275 1384 2616
U47 1 23 1311 1420 2888
U48 0 0 0 0 0
U49 1 28 464 506 1197
U49 1 28 380 422 1218
U49 1 12 138 180 1008
